9117.442660792563
0.0
-54245.295500545006
123.53035535269179
5.9566454517223235
606.2868912427011
0.861855239458635
0.0
-3.0517375431988363
0.0
0.0
-0.008292765063040315
0.0
0.0
0.0
3431.190210810364
0.0
-4374.2192500262
-74.30054456790602
0.0
120.28591506477773
0.37992367385464654
0.0
-3.630592116427338
-0.009177759856751067
0.0
-0.004221351566638687
-0.0008134275122617662
0.0
6.412587775550538e-05
17.39531250000004
0.0
1.363464178408633
-2.611249999999992
0.0
2.120544964774141
-0.4995624999999989
0.0
0.3078733682138421
-0.07222499999999994
0.0
0.0537090758392043
-0.0013612499999999983
0.0
0.0004563173435557389
